0000.00000
0001.2021
0002.01103
0012.14905
0015.2025
0019.12402
0028.19801
0029.01502
0052.02204
0056.38301
0063.2020
0067.27403
0075.79166
0083.87104
0100.04201
0103.02703
0116.80377
0131.94013
0144.03503
0148.32003
0151.37794
0155.10001
0157.80504
0166.76923
0169.00902
0175.03601
0177.20194
0180.62049
0196.00402
0204.80629
0209.34401
0211.32021
0216.10029
0223.13019
0238.36489
0241.10026
0248.94017
0255.86176
0262.00207
0269.33847
0272.30833
0279.14009
0281.12003
0282.46038
0284.58016
0286.23750
0292.20010
0294.10005
0296.10023
0304.90112
0312.10006
0313.12001
0314.46030
0316.13003
0324.65018
0328.12007
0329.13011
0338.10001
0340.2017
0344.13005
0345.13008
0347.19037
0349.68025
0362.10006
0362.12012
0365.68052
0366.04007
0369.12010
0372.10001
0381.12005
0382.10001
0395.90119
0395.94030
0399.10006
0401.12005
0411.12003
0433.12004
0435.94018
0453.10002
0453.12008
0454.68075
0454.68084
0459.10007
0463.53025
0465.00003
0467.16016
0469.68043
0476.10004
0476.10005
0476.10007
0484.12002
0484.66666
0485.10004
0487.12003
0489.10007
0497.14016
0501.10006
0502.10021
0507.10002
0507.10003
0507.55001
0508.1677
0513.40259
0514.10002
0514.10038
0523.00002
0523.12014
0524.58037
0524.90067
0524.99053
0526.10004
0526.10005
0531.10002
0532.12008
0534.30833
0535.00008
0538.34025
0545.12005
0546.10004
0548.10026
0548.90050
0549.93015
0554.12010
0557.14022
0558.12002
0559.14005
0561.00005
0563.55001
0566.10007
0569.12013
0571.10005
0574.94013
0578.10004
0582.10001
0583.00050
0587.00017
0588.10043
0588.10052
0589.94004
0590.10606
0595.10005
0596.00003
0596.10007
0598.41777
0601.10004
0605.06984
0607.68028
0608.10005
0615.12023
0617.94010
0619.10004
0626.42012
0628.41022
0629.10006
0631.12010
0638.14026
0641.20023
0647.10010
0657.00005
0659.10002
0661.12007
0666.35014
0679.00011
0686.10030
0686.14039
0687.13012
0687.68050
0688.14006
0689.00005
0693.55002
0694.12071
0695.00009
0695.12012
0698.10013
0701.11008
0703.11076
0704.2065
0704.3498
0704.3628
0704.57008
0705.0965
0705.1398
0705.2243
0705.2784
0706.0272
0706.53036
0706.68006
0707.0402
0707.0425
0707.0593
0707.2119
0707.3179
0707.3291
0707.3607
0707.4102
0707.4468
0708.1192
0708.1882
0709.11072
0710.0855
0710.2363
0710.2728
0711.1836
0712.1080
0712.2022
0712.3334
0713.11090
0717.30015
0718.10132
0725.94003
0728.68131
0732.75568
0733.30017
0733.53022
0744.11067
0751.84027
0752.00049
0753.11021
0754.14011
0755.00009
0755.58034
0756.18008
0758.32012
0759.11046
0759.42016
0763.35115
0764.32006
0765.58020
0766.11018
0766.53033
0768.26001
0769.57017
0770.11055
0770.11057
0770.53028
0771.32016
0772.11046
0773.11018
0777.00017
0779.11061
0779.11062
0780.11003
0782.77999
0784.11058
0784.53029
0785.30009
0785.57004
0786.11071
0788.14014
0788.14017
0790.12508
0792.11055
0792.11056
0797.62032
0799.11061
0801.00055
0801.0030
0801.1821
0801.3013
0801.3331
0801.3840
0802.00018
0802.1816
0802.2834
0803.0205
0803.0471
0803.11019
0803.20005
0803.2386
0803.2636
0803.2834
0803.4279
0803.4461
0804.1974
0804.2564
0804.2937
0804.3076
0805.0563
0805.1194
0806.11063
0806.11064
0806.11065
0806.11066
0806.11067
0806.11068
0806.11069
0806.11071
0806.1171
0806.1990
0806.2797
0806.2995
0807.3923
0807.4753
0808.0369
0808.0469
0808.1926
0809.2093
0809.2489
0809.3397
0809.3866
0810.0957
0810.3366
0810.5626
0811.3161
0811.3165
0811.3208
0811.3291
0812.14029
0812.3115
0815.11059
0816.11005
0817.14021
0824.00025
0825.94192
0826.14040
0828.11074
0828.14028
0829.11065
0829.11068
0831.11066
0833.11024
0833.11061
0834.11062
0834.11063
0834.11065
0834.68050
0837.11004
0837.14044
0838.11080
0839.11026
0839.11066
0839.11067
0839.2019
0840.11053
0840.14018
0841.11063
0841.14027
0842.11045
0842.12004
0843.57002
0847.2023
0849.14024
0851.68044
0852.00023
0852.00049
0852.09375
0854.16666
0854.86088
0858.11066
0860.01021
0860.13012
0868.94034
0869.62024
0871.94019
0871.94025
0871.94028
0871.94029
0871.94033
0871.94035
0871.94038
0872.94024
0872.94025
0872.94026
0872.94027
0872.94028
0872.94029
0872.94030
0872.94031
0872.94032
0872.94034
0872.94035
0872.94036
0872.94037
0872.94039
0872.94041
0872.94042
0873.94014
0876.11008
0877.68040
0877.68041
0877.68052
0877.68125
0877.94026
0877.94035
0877.94043
0878.11004
0878.68078
0885.11005
0889.29309
0891.00022
0901.2791
0902.0143
0902.0699
0902.2152
0902.2155
0902.3645
0902.4513
0902.4670
0903.11032
0903.1291
0903.2785
0903.3192
0904.0178
0904.1474
0904.2058
0904.2759
0904.3514
0905.1566
0905.1770
0905.2177
0905.2325
0905.2485
0905.2753
0906.3884
0906.4884
0906.5419
0907.0774
0907.13010
0907.94002
0908.00028
0908.0551
0908.11060
0908.3108
0909.11040
0909.2188
0909.3970
0909.4119
0909.5648
0910.0188
0910.0591
0910.11057
0910.2142
0910.4179
0910.5667
0911.00025
0911.1242
0911.3060
0911.4147
0911.5024
0912.0723
0912.0895
0912.1585
0912.4899
0917.65012
0919.65009
0919.65032
0919.65045
0919.65054
0919.65057
0919.68074
0920.11085
0920.65004
0920.65027
0920.65033
0921.13011
0921.13017
0921.14040
0921.34037
0922.11116
0923.34063
0923.58045
0923.65016
0925.05015
0925.11044
0925.11045
0925.11046
0925.11047
0925.11051
0925.11052
0925.11053
0925.11054
0925.11055
0925.13011
0925.13012
0925.13013
0925.20006
0925.20011
0925.20043
0925.34001
0925.34108
0925.35001
0925.35148
0925.58035
0925.58084
0925.65091
0925.65174
0925.68123
0925.68204
0925.68229
0925.68232
0925.68234
0925.68235
0925.68236
0925.68237
0925.68238
0925.68240
0925.68247
0925.68249
0925.68250
0925.68251
0925.68252
0925.68253
0925.68258
0925.68259
0925.68260
0925.68350
0925.70319
0925.73751
0925.81028
0925.86011
0925.93218
0927.68122
0928.30011
0930.11088
0933.68161
0934.68129
0936.11037
0936.11069
0937.94006
0943.11047
0946.11029
0949.11053
0950.64166
0955.11500
0959.03044
0959.12006
0960.11055
0961.11042
0961.11043
0966.11511
0967.12500
0968.64833
0970.65046
0972.11503
0980.36100
0984.00001
0984.00503
0986.37032
1001.0244
1001.0649
1001.0882
1001.2004
1001.2830
1001.3394
1002.00005
1002.0145
1002.1033
1002.2440
1003.0064
1003.0514
1003.2165
1003.3261
1003.5461
1004.00019
1004.0519
1004.2091
1004.2708
1004.3366
1004.3484
1004.3847
1005.0205
1005.11506
1005.3494
1005.46153
1005.5734
1006.2664
1006.2667
1006.3080
1006.3651
1006.5217
1007.0188
1007.0265
1007.0535
1007.2351
1007.2678
1007.4621
1008.1284
1008.2390
1008.3596
1008.4114
1008.4952
1009.0287
1009.0807
1009.1082
1009.1591
1009.3214
1009.3230
1009.5180
1010.0262
1010.0298
1010.1294
1010.2390
1010.2489
1010.3497
1010.3783
1010.4981
1011.0646
1011.0655
1011.1292
1011.2433
1011.2628
1011.3197
1011.3234
1011.36106
1011.6465
1012.2262
1012.3439
1012.4845
1019.11505
1019.11506
1019.11507
1019.12500
1019.68822
1020.11082
1027.68984
1029.11009
1030.11038
1030.11055
1031.11019
1032.11035
1032.11040
1033.11009
1033.11035
1034.98333
1035.11024
1035.11049
1036.11049
1037.8125
1038.11024
1039.11002
1039.11058
1039.62046
1041.11046
1041.48387
1041.92913
1042.11029
1042.11040
1042.11054
1042.14506
1042.17501
1042.17502
1042.78503
1043.44004
1044.11035
1044.11083
1044.11590
1049.11113
1049.11137
1051.11008
1052.00010
1056.65003
1058.11059
1061.41004
1064.11503
1067.11075
1071.11070
1071.11071
1071.11507
1071.11517
1071.11518
1071.11519
1071.11520
1071.11521
1071.11522
1072.65032
1087.2013
1087.2018
1087.2021
1093.11019
1095.28003
1097.11059
1098.11062
1101.0564
1101.11006
1101.11053
1101.2674
1101.4555
1101.51512
1101.5546
1102.2789
1102.2936
1102.3628
1103.1225
1103.1493
1103.4093
1103.5337
1103.5699
1104.0119
1104.0739
1104.4356
1104.4552
1104.4954
1105.0371
1105.2293
1105.3004
1105.4024
1105.5180
1105.62340
1106.1516
1106.2844
1106.5723
1106.5921
1106.6347
1107.1790
1107.2848
1107.3631
1108.2162
1108.2316
1109.4595
1109.5669
1109.6398
1110.11038
1110.1360
1110.6645
1111.0406
1111.0524
1111.0582
1111.2321
1111.4382
1112.1263
1112.1529
1112.2009
1112.2012
1114.68414
1121.13037
1123.27419
1125.11348
1126.11312
1126.94323
1126.94336
1127.67500
1128.11315
1128.37030
1129.18111
1134.11352
1136.11003
1137.94364
1138.11307
1140.11309
1140.11358
1140.68382
1141.11002
1141.34166
1142.11001
1142.94332
1143.11358
1143.11366
1143.94001
1144.11085
1149.37314
1149.94303
1151.94480
1153.11342
1153.94350
1154.11002
1155.81007
1156.22692
1157.94355
1158.34722
1158.81311
1159.11001
1174.11012
1174.96875
1176.79259
1177.03125
1177.94128
1178.11077
1182.26666
1183.11080
1184.33313
1184.94225
1185.68011
1186.94003
1186.94476
1188.11068
1193.00062
1193.32017
1195.11076
1195.14047
1195.6580
1195.94019
1196.11169
1200.11046
1201.0252
1201.0266
1201.2116
1201.4867
1201.5787
1201.6180
1202.1936
1202.2855
1202.3695
1202.4285
1202.4301
1202.5707
1202.94192
1203.0253
1203.0420
1203.1017
1203.3275
1203.4077
1203.6171
1203.6847
1203.94093
1204.0430
1204.1294
1204.1505
1204.4615
1204.6003
1204.6484
1204.6637
1205.0367
1205.0713
1205.3616
1205.4495
1205.5534
1205.5653
1205.5896
1205.94087
1206.1835
1206.2834
1206.4224
1206.4811
1207.0274
1207.1157
1207.4385
1207.4783
1207.5321
1207.7138
1208.1987
1208.3230
1208.3346
1208.5090
1208.5992
1208.68239
1209.0723
1209.1131
1209.2333
1209.3458
1209.5520
1209.5706
1209.6281
1210.1267
1210.1451
1210.3003
1210.3637
1210.6673
1210.6945
1210.8091
1211.1056
1211.1566
1211.3151
1211.6246
1212.0256
1212.1579
1212.1958
1212.2622
1212.3940
1212.4934
1212.5831
1212.6768
1213.68020
1218.11102
1220.16470
1220.62044
1222.49022
1226.11128
1228.94001
1229.11087
1229.62074
1230.12001
1239.00028
1239.01124
1239.11101
1239.14015
1244.11001
1244.11002
1246.53852
1247.39905
1248.94052
1248.94053
1248.94055
1248.94056
1250.30134
1258.73920
1260.11081
1263.00002
1272.94095
1272.94096
1277.03461
1280.62117
1280.94039
1284.94053
1286.11022
1287.94053
1290.94041
1290.94042
1291.01028
1295.11003
1295.68127
1295.94009
1295.94022
1295.94173
1296.94083
1297.68199
1298.94140
1301.0142
1301.4870
1301.5293
1301.7007
1302.0418
1302.3143
1302.3979
1302.4527
1302.5996
1303.11046
1303.1917
1303.1998
1303.2887
1303.2915
1303.3058
1303.3386
1303.5869
1303.94067
1304.0741
1304.0839
1304.0845
1304.0891
1304.2592
1304.3061
1304.3982
1304.5809
1304.6610
1304.6937
1304.7038
1305.0182
1305.1464
1305.1591
1305.3971
1305.4330
1305.4365
1305.4745
1305.7353
1306.0281
1306.0834
1306.2698
1306.6655
1306.94027
1306.94063
1307.1516
1307.1728
1307.1907
1307.2593
1307.2804
1307.3229
1307.5001
1307.5330
1307.5870
1307.6174
1307.6317
1307.6627
1308.0395
1308.1762
1308.2891
1308.3726
1308.4803
1308.5432
1308.6563
1309.0574
1309.1393
1309.1918
1309.2638
1309.2730
1309.3595
1309.4375
1309.6021
1309.6980
1310.00011
1310.2885
1310.2927
1310.3809
1310.6538
1310.6749
1310.7826
1310.7891
1311.1654
1311.2527
1311.4316
1311.5694
1311.6070
1311.6455
1312.1655
1312.1674
1312.1826
1312.4465
1312.4533
1312.6751
1320.94021
1321.94039
1322.11125
1323.05033
1326.11055
1326.94076
1332.35244
1333.33333
1337.11082
1337.94093
1343.94070
1344.11083
1344.68018
1345.15003
1348.13027
1353.94035
1357.11117
1358.11140
1362.11092
1370.94487
1370.94488
1371.32138
1374.22222
1375.94102
1376.68060
1376.68061
1377.94060
1378.94025
1380.52631
1381.11105
1382.11094
1382.94063
1384.16012
1384.94030
1384.94034
1385.94010
1391.94729
1392.9883
1397.65166
1401.0976
1401.1219
1401.1553
1401.1773
1401.2165
1401.4767
1402.0643
1402.1807
1402.3246
1402.3501
1402.3661
1402.3668
1402.4397
1402.6623
1402.6658
1403.0184
1403.0349
1403.1852
1403.4287
1403.7474
1403.7887
1404.1300
1404.5416
1404.7066
1405.0744
1405.1059
1405.5842
1405.6370
1405.6409
1405.94044
1406.0670
1406.1469
1406.3073
1406.3660
1406.3672
1406.3838
1406.4481
1406.5183
1406.7535
1406.81016
1407.3754
1407.4308
1407.5841
1407.62135
1408.0718
1408.2023
1408.2473
1408.2608
1408.2738
1408.5999
1408.6226
1408.6981
1409.0570
1409.2187
1409.2701
1409.3208
1409.4800
1409.7352
1409.8063
1410.11136
1410.2595
1410.3012
1410.4251
1410.4412
1410.5144
1410.5222
1411.4028
1411.4398
1411.7338
1411.7341
1412.0125
1412.0222
1412.15010
1412.1650
1412.2827
1412.3743
1412.3820
1412.5770
1412.6011
1412.6260
1412.7420
1412.7994
1412.8592
1414.53008
1420.53071
1423.94051
1425.53078
1429.11221
1431.13025
1437.94048
1437.94049
1437.94058
1446.26768
1448.62023
1452.11005
1453.13004
1453.13058
1455.93322
1455.94125
1459.1995
1459.2018
1459.2023
1459.2024
1459.94155
1464.16034
1469.11479
1470.11275
1473.11228
1498.66666
1501.00178
1501.00183
1501.02384
1501.02927
1501.03011
1501.03056
1501.03078
1501.04111
1501.06095
1501.07440
1502.01062
1502.01464
1502.01951
1502.04799
1502.05003
1502.05696
1502.06036
1502.06631
1502.06812
1502.07953
1502.23752
1503.01912
1503.04012
1503.05221
1503.05712
1503.06248
1503.06453
1503.08101
1504.00694
1504.01656
1504.01995
1504.02618
1504.02632
1504.02757
1504.02777
1504.03511
1504.04342
1504.04555
1504.07618
1505.01700
1505.02203
1505.02839
1505.03110
1505.03120
1505.04584
1505.06736
1505.07553
1505.07862
1506.00160
1506.00228
1506.00608
1506.00706
1506.02907
1506.02932
1506.03497
1506.04699
1506.06042
1506.07490
1506.07921
1506.08708
1507.00026
1507.00421
1507.01083
1507.02015
1507.04087
1507.04645
1507.06937
1507.07304
1507.07822
1507.08852
1508.01893
1508.02521
1508.03643
1508.07660
1508.07661
1508.81648
1509.00528
1509.02371
1509.02612
1509.03459
1509.08748
1509.08843
1510.01208
1510.01298
1510.02451
1510.02758
1510.05607
1510.06120
1511.00298
1511.01353
1511.02388
1511.04385
1511.04818
1511.08374
1511.08578
1512.01291
1512.01363
1512.02192
1512.05610
1512.05970
1512.06401
1512.06411
1512.07353
1512.08521
1519.11069
1519.94051
1523.32049
1525.20029
1530.90698
1532.11170
1532.94001
1534.11143
1555.11172
1568.94066
1571.11142
1572.11160
1576.11203
1578.11146
1579.62052
1582.11003
1584.68085
1584.94002
1601.00389
1601.01049
1601.03835
1601.04782
1601.04883
1601.04896
1601.06291
1601.06318
1601.08031
1602.00793
1602.04522
1602.04920
1602.05350
1602.05837
1602.06739
1602.08790
1603.01746
1603.02525
1603.04114
1603.07613
1603.07865
1603.08019
1603.08456
1604.00111
1604.00245
1604.00668
1604.02277
1604.04605
1604.07333
1604.07791
1604.07800
1604.08846
1605.02065
1605.02162
1605.02756
1605.03613
1605.04160
1605.04435
1605.04708
1605.04870
1605.06819
1605.08065
1606.00130
1606.00668
1606.01497
1606.02965
1606.06913
1607.02397
1607.02561
1607.02986
1607.03157
1607.03815
1607.03969
1607.04514
1607.04999
1607.05677
1607.05815
1607.07556
1607.08053
1608.00679
1608.00995
1608.03749
1608.03857
1608.04047
1608.05689
1608.05822
1608.08693
1608.08766
1609.01147
1609.01485
1609.01541
1609.01651
1609.02292
1609.02315
1609.02737
1609.03828
1609.04542
1609.05386
1609.06172
1609.06687
1609.06971
1609.08296
1610.00377
1610.02874
1610.03375
1610.03528
1610.03990
1610.05759
1610.07933
1610.09577
1611.00028
1611.00926
1611.00998
1611.01137
1611.02108
1611.02569
1611.02605
1611.02612
1611.03293
1611.05477
1611.05979
1611.06083
1611.08372
1611.08503
1611.09274
1611.10341
1612.02919
1612.03375
1612.04161
1612.06744
1612.08691
1618.30166
1628.3154
1662.32166
1700.28333
1701.00340
1701.01450
1701.01860
1701.01994
1701.02233
1701.03217
1701.04705
1701.05838
1701.06869
1701.07017
1702.00196
1702.00215
1702.00249
1702.00558
1702.01467
1702.03587
1702.05760
1702.06305
1702.07180
1702.08476
1703.03768
1703.04154
1703.05794
1703.07230
1703.07273
1703.07544
1704.00830
1704.03174
1704.03611
1704.03928
1704.07035
1704.07238
1705.00271
1705.00343
1705.00448
1705.02442
1705.03188
1705.03709
1705.05227
1705.06255
1705.09575
1706.01519
1706.03215
1706.03525
1706.03985
1706.04233
1706.04491
1706.06752
1706.07373
1706.07884
1706.08424
1706.08710
1707.02562
1707.03332
1707.03340
1707.04919
1707.05002
1707.06430
1707.07658
1707.07682
1708.03804
1708.04484
1708.04932
1708.05031
1708.05946
1708.07136
1708.07495
1708.09067
1709.00859
1709.02411
1709.02442
1709.03146
1709.05294
1709.05734
1709.06797
1709.07496
1709.08621
1710.00970
1710.01321
1710.01848
1710.01970
1710.02063
1710.03214
1710.03432
1710.05092
1710.05263
1710.08223
1710.08336
1710.08548
1710.08914
1710.11479
1711.00176
1711.01232
1711.02229
1711.02491
1711.02983
1711.04094
1711.05335
1711.05417
1711.05755
1711.06579
1711.07461
1711.08578
1711.10145
1711.11469
1712.00339
1712.00674
1712.01898
1712.03158
1712.03693
1712.05165
1712.05244
1712.05832
1712.06349
1712.07311
1731.20224
1758.84567
1787.17032
1789.6484
1796.25918
1801.01081
1801.01434
1801.03215
1801.07415
1801.07658
1801.09275
1802.03398
1802.04056
1802.04440
1802.07604
1802.08444
1802.09022
1802.10486
1803.00745
1803.01853
1803.03508
1803.04600
1803.05933
1803.06903
1803.07763
1803.08575
1803.09954
1803.11173
1804.02394
1804.04231
1804.05859
1804.09498
1804.10128
1805.02040
1805.03418
1805.03741
1805.06432
1805.06733
1805.07455
1805.08494
1805.08873
1805.11948
1805.12037
1806.01194
1806.01785
1806.03656
1806.05197
1806.05624
1806.07380
1806.10238
1806.10367
1807.05270
1807.05599
1807.05782
1807.06256
1807.07719
1807.08449
1807.09675
1807.11300
1808.04955
1808.05733
1808.06037
1808.08927
1808.09727
1808.35572
1809.00658
1809.00750
1809.01038
1809.01377
1809.01586
1809.02254
1809.02691
1809.04092
1809.06135
1809.09556
1810.00022
1810.01053
1810.08983
1810.10024
1810.11396
1810.12010
1810.13264
1811.01096
1811.01410
1811.01455
1811.02125
1811.02405
1811.02505
1811.08120
1811.08406
1811.09356
1811.09658
1811.12548
1811.12562
1812.04133
1812.05425
1812.06557
1812.07650
1812.08080
1812.08268
1812.10214
1812.10505
1866.49473
1883.48765
1901.04579
1901.06628
1901.06751
1901.07296
1901.10818
1901.11224
1901.11355
1902.01023
1902.01448
1902.02201
1902.05166
1902.05210
1902.05250
1902.07619
1902.07785
1902.08158
1902.08607
1902.10406
1903.01395
1903.01441
1903.01927
1903.03733
1903.07401
1903.07677
1904.03398
1904.04528
1904.06599
1904.07356
1904.10536
1904.12008
1905.06756
1905.07682
1905.08839
1905.09084
1905.09749
1905.13130
1906.00594
1906.01611
1906.03210
1906.04213
1906.05292
1906.06521
1906.07116
1906.09100
1907.00971
1907.03703
1907.04295
1907.04328
1907.06350
1907.07795
1908.03724
1908.05368
1908.08469
1909.00135
1909.02577
1909.03123
1909.06627
1909.08022
1909.13451
1910.00219
1910.00518
1910.00854
1910.02449
1910.02465
1910.03912
1910.07049
1910.07700
1910.09592
1910.12003
1910.12265
1910.12458
1910.12502
1911.00794
1911.01973
1911.02071
1911.02440
1911.02628
1911.06156
1911.07131
1911.09176
1911.11004
1911.12220
1911.13240
1912.00345
1912.02365
1912.04586
1912.05461
1912.05719
1912.06532
1912.07550
1912.10053
1912.11401
1912.11733
1912.11750
1912.12648
1927.14962
1936.15282
1941.32194
1949.72909
1951.35059
1957.40224
1958.32196
1963.10821
1965.11753
1967.10539
1969.10542
1970.11621
1971.22317
1972.44166
1973.11976
1973.22363
1975.10553
1975.10554
1975.10840
1975.17115
1976.10555
1976.10556
1977.10557
1978.10558
1978.10559
1980.10562
1980.11633
1984.10569
1984.11643
1985.10570
1985.59090
1986.10571
1986.10572
1986.11648
1987.10572
1993.0138
1993.0139
1993.1005
1993.1038
1993.1055
1994.1025
1994.1082
1994.1138
1994.1146
1994.36570
1994.47250
1995.1025
1995.1055
1995.1088
1996.0015
1996.0037
1996.0059
1996.0125
1997.0433
1997.0439
1997.0463
1997.0913
1997.1478
1997.1479
1997.1493
1997.1506
1997.39518
1997.64670
1998.0163
1998.0216
1998.0221
1998.0226
1998.2302
1998.3289
1998.70893
1998.74348
1999.1001
1999.1002
1999.1870
1999.34068
1999.81460
2000.0370
2000.2222
2000.8147
2000.89212
2001.0331
2001.0334
2001.03630
2001.04986
2001.0513
2001.05176
2001.09076
2001.09814
2001.10352
2001.10860
2001.11298
2001.1997
2001.9016
2002.03705
2002.03811
2002.04717
2002.04979
2002.0533
2002.05367
2002.05392
2002.06707
2002.06988
2002.08112
2002.08807
2002.09231
2002.11366
2002.11795
2002.11819
2002.11956
2002.1826
2002.1827
2002.50654
2003.00077
2003.00520
2003.02288
2003.03309
2003.05841
2003.07805
2003.07903
2003.09753
2003.10118
2003.12144
2003.12381
2003.12731
2003.12950
2003.14221
2004.02449
2004.05150
2004.11347
2004.12067
2004.12209
2004.12447
2004.13138
2005.01078
2005.02268
2005.03251
2005.04545
2005.04602
2005.04957
2005.06441
2005.08617
2005.1039
2005.11533
2005.11668
2005.1221
2005.13502
2005.64062
2005.85005
2005.85009
2006.0011
2006.00121
2006.00855
2006.02044
2006.02373
2006.02753
2006.02953
2006.03385
2006.04891
2006.05660
2006.06197
2006.07445
2006.07613
2006.07967
2006.08444
2006.08704
2006.08926
2006.13083
2006.14909
2006.15307
2006.16729
2006.87158
2006.88208
2007.02689
2007.02730
2007.04703
2007.05550
2007.06453
2007.07338
2007.08279
2007.08791
2007.09556
2007.10044
2008.00058
2008.00669
2008.01224
2008.01799
2008.02925
2008.04577
2008.06554
2008.10644
2008.10866
2008.11523
2009.02452
2009.03345
2009.06514
2009.12080
2009.12498
2009.13119
2009.52915
2010.01250
2010.0151
2010.02599
2010.03212
2010.03296
2010.04370
2010.04809
2010.05450
2010.05490
2010.05751
2010.08923
2010.09741
2010.11161
2010.12122
2010.13297
2010.13364
2010.13930
2010.14367
2010.20468
2010.20539
2010.2439
2010.55135
2010.56088
2011.01032
2011.01744
2011.01762
2011.02522
2011.04149
2011.05355
2011.06571
2011.13008
2011.13248
2011.14114
2011.21621
2011.24052
2011.60337
2011.60893
2012.00007
2012.02210
2012.04684
2012.04979
2012.05675
2012.06359
2012.07173
2012.09265
2012.11385
2012.12168
2012.12610
2012.21827
2012.22361
2012.63974
2013.13081
2013.22438
2013.5214
2013.61541
2014.23432
2015.24177
2015.24244
2017.0814
2017.26804
2017.27126
2018.00032
2018.28691
2019.01895
2019.29029
2019.29207
2019.29508
2019.87715
2019.88911
2020.10030
2020.10821
2020.11220
2020.29703
2020.29813
2020.29915
2020.30422
2021.10189
2021.13303
2021.13619
2021.30525
2021.30715
2022.10209
2022.10234
2022.10236
2022.13703
2022.31436
2022.31760
2022.31833
2022.31888
2022.58892
2023.10142
2023.10361
2023.33171
2023.33257
2023.33340
2023.33369
2024.10689
2024.10968
2024.11053
2025.10046
2025.10176
2025.10250
2025.11420
2025.13020
2025.13047
2025.15401
2025.35307
2025.35507
2025.35895
2030.65333
2063.59375
2079.97243
2090.50209
2092.32209
2098.6271
2101.01003
2101.01925
2101.05380
2101.07092
2101.07267
2101.07781
2101.09151
2101.09271
2101.09740
2101.09830
2101.09955
2101.12215
2101.12666
2102.01192
2102.01844
2102.02479
2102.04698
2102.04834
2102.08039
2102.08320
2102.08345
2102.08374
2102.09087
2102.10589
2102.11798
2103.00658
2103.02507
2103.04974
2103.05138
2103.05180
2103.05247
2103.06159
2103.07520
2103.08280
2103.09427
2103.12355
2103.12672
2103.15598
2104.00355
2104.01956
2104.06763
2104.07509
2104.08669
2104.08708
2104.09295
2104.11616
2104.14436
2105.01769
2105.01778
2105.03352
2105.04370
2105.04712
2105.06076
2105.07120
2105.08500
2105.11105
2105.12767
2105.14186
2106.00813
2106.03524
2106.04624
2106.09008
2106.09665
2106.09967
2106.10289
2106.11141
2106.11260
2106.11372
2106.13759
2106.13888
2107.00522
2107.00744
2107.03730
2107.05604
2107.07657
2107.08473
2107.10651
2107.12344
2107.14748
2108.00010
2108.00168
2108.01886
2108.03628
2108.05008
2108.06736
2108.07358
2108.08897
2108.09857
2108.09957
2108.11311
2109.00705
2109.02653
2109.03264
2109.03537
2109.04025
2109.05080
2109.07463
2109.09599
2109.11784
2109.11964
2109.12072
2109.13458
2109.14750
2110.00642
2110.00827
2110.00878
2110.02387
2110.02539
2110.04231
2110.04388
2110.04822
2110.04849
2110.04880
2110.05321
2110.07552
2110.08354
2110.08939
2110.10465
2110.12938
2110.13078
2110.13086
2110.14005
2111.02967
2111.04097
2111.05176
2111.05320
2111.06102
2111.06507
2111.07402
2111.07840
2111.08766
2111.09849
2111.10431
2111.11613
2111.11618
2111.13856
2111.14033
2111.14180
2111.14385
2111.14477
2111.14509
2111.15398
2112.00934
2112.01118
2112.05156
2112.05623
2112.07046
2112.07282
2112.08352
2112.10268
2112.11446
2112.12354
2112.13005
2112.13847
2112.14682
2123.93749
2130.12156
2130.12162
2130.12166
2130.47191
2143.34655
2185.56691
2201.00091
2201.00127
2201.00799
2201.01954
2201.04365
2201.07506
2201.07791
2201.07952
2201.08847
2201.09602
2201.11973
2201.13153
2201.13424
2201.13450
2202.02826
2202.03446
2202.04047
2202.06584
2202.07323
2202.10241
2202.12401
2202.12570
2202.13328
2203.00633
2203.01565
2203.02197
2203.04335
2203.04911
2203.05394
2203.08989
2203.10217
2203.10632
2203.10826
2203.10932
2203.11755
2203.12703
2203.14058
2203.15556
2203.16634
2204.02836
2204.03058
2204.04606
2204.07192
2204.10671
2204.12016
2205.02374
2205.07543
2205.10074
2205.11926
2205.14452
2205.14487
2206.00045
2206.00778
2206.00779
2206.01726
2206.01952
2206.03665
2206.03938
2206.05152
2206.09138
2206.13931
2206.14513
2207.03247
2207.04342
2207.04739
2207.05309
2207.05976
2207.07056
2207.08347
2207.08915
2207.09274
2207.12487
2208.00589
2208.01709
2208.05603
2208.07085
2208.08328
2208.14909
2208.14969
2209.00287
2209.01524
2209.01754
2209.11650
2209.12473
2209.13312
2209.15586
2210.00231
2210.00244
2210.00681
2210.00797
2210.02002
2210.03661
2210.04835
2210.05496
2210.06103
2210.08019
2210.08468
2210.09850
2210.11197
2210.11593
2210.14372
2210.16959
2211.04643
2211.06062
2211.06370
2211.06821
2211.07900
2211.09133
2211.09901
2211.09975
2211.10076
2211.11693
2211.12693
2211.15908
2211.16892
2212.01373
2212.01855
2212.04281
2212.04947
2212.04999
2212.05297
2212.06127
2212.11259
2212.11724
2212.12372
2212.13760
2212.14095
2212.14205
2234.32223
2248.36227
2261.32226
2266.17204
2267.80555
2286.03786
2301.00909
2301.01586
2301.03641
2301.03888
2301.05390
2301.06385
2301.06459
2301.07157
2301.09802
2301.09813
2301.10529
2301.11169
2301.11973
2301.12309
2302.01026
2302.06005
2302.06200
2302.13126
2303.00178
2303.01487
2303.02566
2303.04656
2303.06001
2303.07160
2303.08277
2303.08375
2303.10758
2303.12781
2303.13632
2303.14605
2303.15010
2303.16753
2303.17506
2304.00937
2304.01438
2304.03179
2304.03957
2304.04678
2304.04999
2304.05191
2304.06687
2304.07474
2304.08376
2304.08718
2304.09096
2304.09135
2304.10713
2304.11325
2304.12100
2304.12453
2304.13940
2304.14427
2305.00125
2305.01583
2305.04404
2305.04713
2305.10277
2305.11812
2305.12070
2305.12286
2305.13184
2305.13204
2305.17425
2305.18148
2305.19542
2306.00431
2306.01213
2306.02446
2306.02967
2306.06657
2306.08585
2306.09122
2306.10072
2306.10855
2306.11353
2306.14184
2306.14931
2306.15973
2306.17260
2307.00402
2307.03065
2307.03371
2307.04395
2307.04566
2307.05704
2307.05753
2307.05980
2307.06967
2307.07604
2307.07605
2307.08149
2307.09651
2307.11686
2307.14566
2307.16301
2308.00634
2308.01545
2308.04599
2308.05047
2308.05977
2308.06130
2308.06572
2308.06601
2308.07804
2308.08391
2308.10293
2308.11539
2308.11718
2308.11736
2308.13036
2308.15051
2308.15056
2308.15455
2308.15627
2308.16333
2309.01754
2309.04693
2309.05295
2309.08198
2309.10757
2309.11609
2309.11778
2309.12226
2309.12990
2309.13048
2309.15365
2309.16637
2310.00034
2310.00899
2310.03286
2310.04518
2310.13882
2311.00930
2311.05545
2311.06667
2311.07328
2311.08108
2311.08488
2311.11179
2311.11996
2311.12383
2311.12500
2311.13212
2311.13597
2311.14350
2311.14845
2311.15064
2311.15902
2311.16560
2311.16760
2312.00774
2312.03457
2312.04795
2312.08312
2312.09268
2312.09535
2312.10054
2312.12415
2312.12732
2312.15110
2312.17380
2348.88269
2367.1875
2367.2026
2396.88331
2397.29166
2401.03435
2401.03465
2401.08828
2401.10284
2401.12753
2401.16644
2401.18044
2402.01308
2402.02324
2402.04134
2402.05630
2402.05767
2402.09804
2402.09829
2402.11269
2402.14966
2402.18279
2402.19125
2403.00666
2403.01474
2403.01879
2403.07467
2403.13577
2403.14899
2403.15244
2403.18006
2403.18034
2404.04239
2404.04535
2404.06513
2404.08278
2404.08475
2404.16450
2404.16844
2404.17517
2404.17676
2404.18289
2405.01344
2405.02086
2405.04498
2405.05132
2405.07294
2405.11377
2405.11556
2405.12805
2405.12823
2405.14381
2405.14890
2405.15368
2405.19739
2405.19752
2405.20071
2405.20508
2405.20552
2406.03281
2406.08262
2406.08321
2406.09360
2406.10014
2406.11270
2406.11307
2406.14588
2406.14849
2406.16284
2406.16408
2406.18131
2406.18212
2406.19033
2406.19610
2406.20071
2407.02530
2407.04642
2407.07103
2407.08061
2407.08238
2407.13698
2407.16282
2407.21740
2408.00075
2408.02867
2408.03419
2408.04118
2408.06685
2408.06722
2408.10476
2409.00594
2409.00679
2409.00723
2409.01358
2409.03486
2409.03758
2409.04220
2409.05761
2409.07777
2409.07953
2409.08685
2409.12688
2409.12719
2409.14113
2409.17595
2409.18861
2410.04432
2410.04649
2410.04779
2410.04956
2410.08051
2410.08140
2410.11553
2410.14397
2410.16189
2410.16355
2410.16453
2410.17958
2410.17976
2410.20440
2410.22210
2411.00067
2411.03872
2411.05262
2411.05353
2411.06381
2411.07734
2411.07857
2411.09063
2411.10476
2411.12481
2411.15549
2411.17330
2411.18040
2411.18366
2411.18420
2412.00200
2412.12558
2412.13352
2412.14497
2412.15956
2412.17269
2412.19109
2412.19355
2453.26666
2460.2884
2462.1075
2485.81084
2500.33308
2501.00247
2501.00926
2501.03418
2501.05573
2501.09437
2501.10192
2501.10883
2501.13844
2501.17389
2502.01069
2502.02139
2502.05210
2502.06414
2502.07842
2502.09772
2502.10063
2502.10530
2502.11402
2502.15374
2502.15993
2502.16592
2502.17202
2502.17770
2502.18728
2502.19036
2502.19764
2503.00950
2503.04383
2503.05249
2503.06031
2503.06742
2503.07182
2503.08397
2503.08403
2503.10008
2503.10158
2503.10588
2503.10871
2503.12211
2503.14709
2503.15428
2503.19486
2503.19629
2503.19975
2503.20071
2503.21701
2504.04020
2504.04559
2504.05584
2504.08063
2504.08891
2504.09331
2504.12449
2504.17878
2504.17957
2504.19658
2504.20883
2504.21168
2505.00433
2505.00894
2505.03590
2505.03842
2505.05959
2505.06424
2505.09634
2505.09721
2505.12872
2505.14153
2505.15155
2505.15917
2505.17185
2505.22644
2505.23582
2505.23772
2506.04383
2506.06024
2506.07668
2506.08072
2506.09900
2506.12452
2506.12844
2506.14480
2506.14928
2506.15463
2506.15688
2506.17233
2506.17260
2506.18067
2506.19405
2506.19604
2506.22651
2507.02189
2507.04216
2507.07055
2507.07094
2507.07179
2507.09780
2507.12394
2507.14631
2507.16666
2507.17694
2507.62731
2508.00351
2508.00840
2508.01973
2508.02615
2508.02818
2508.03063
2508.04654
2508.04721
2508.05331
2508.06884
2508.08769
2508.10612
2508.11962
2508.13134
2508.13496
2508.14011
2508.15611
2508.15781
2508.21548
2509.00417
2509.04097
2509.07112
2509.08108
2509.08817
2509.09523
2509.14406
2510.02215
2510.02383
2510.03075
2510.06271
2510.08290
2510.08432
2510.10465
2510.11768
2510.13292
2510.15515
2510.19082
2510.19390
2510.20745
2510.20847
2510.21172
2510.21353
2510.23212
2510.25541
2511.01626
2511.02262
2511.02345
2511.02733
2511.04125
2511.05272
2511.07945
2511.08506
2511.10851
2511.12435
2511.14481
2511.15928
2511.18040
2511.18198
2511.19494
2511.20167
2511.21418
2511.22856
2511.23001
2512.01150
2512.01588
2512.02087
2512.02822
2512.03481
2512.03498
2512.10825
2512.11004
2512.14202
2512.15330
2512.16159
2512.19076
2512.19921
2512.21976
2512.22697
2512.24342
2512.24685
2516.11326
2518.3968
2521.40625
2524.58665
2525.11666
2529.09782
2529.66666
2530.71512
2561.00731
2591.71361
2601.00294
2601.02435
2601.02518
2601.05534
2601.07074
2601.08721
2601.11131
2601.11323
2601.14006
2601.14488
2601.16116
2601.16688
2601.17422
2601.17618
2601.17626
2601.17701
2601.18789
2601.20290
2601.20708
2601.21717
2601.22785
2602.03722
2602.03746
2602.08210
2602.08807
2602.09277
2602.09894
2602.11205
2602.11457
2602.11606
2602.12844
2602.13177
2602.14063
2602.14539
2602.16922
2602.19691
2602.20480
2602.21213
2602.24234
2603.00212
2603.02425
2603.03398
2603.05271
2603.07589
2603.08994
2603.10733
2603.11196
2603.12135
2603.12917
2603.16794
2603.19184
2603.20762
2603.20889
2603.22045
2603.22481
2603.23858
2603.24027
2603.27728
2603.28313
2603.28627
2603.28846
2603.29766
2604.00708
2604.00966
2604.01451
2604.03813
2604.04656
2604.06639
2604.08776
2604.10333
2604.10569
2604.12266
2604.12458
2604.14505
2604.15868
2604.19038
2604.20793
2604.21008
2604.21261
2604.21601
2604.25966
2604.26413
2604.27779
2605.01140
2605.03502
2605.04343
2605.05347
2605.05917
2605.06549
2605.07763
2605.08797
2605.09238
2605.09322
2605.09592
2605.12134
2605.13508
2605.16240
2605.16998
2605.17404
2605.18555
2605.19486
2605.21349
2605.21360
2605.24969
2605.27765
2606.01211
2606.02235
2606.02429
2606.02580
2606.03960
2606.06024
2606.07124
2606.07369
2606.07785
2606.09335
2606.11110
2606.13018
2606.16919
2606.17647
2606.20366
2606.21815
2606.21873
2606.24717
2606.24845
2606.27293
2606.29555
2606.29581
2606.30349
2607.02364
2607.02534
2607.02557
2607.03314
2607.06263
2607.07596
2607.08866
2607.08888
2607.08911
2607.10764
2607.10839
2607.11380
2607.11549
2607.12550
2607.12994
2607.13003
2607.13335
2607.14027
2607.14302
2607.19584
2607.19654
2607.20043
2607.21883
2607.23961
2607.26261
2607.26403
2607.27476
2608.00741
2608.00781
2608.01309
2608.02466
2608.02533
2608.02614
2608.03220
2608.03246
2608.04107
2608.04884
2608.05187
2608.05191
2608.05197
2608.06256
2608.06681
2608.06703
2608.07743
2608.08509
2608.08576
2608.10040
2608.13138
2608.13299
2608.13913
2608.14305
2608.17047
2608.18456
2608.19248
2608.19358
2608.20969
2608.21765
2608.21932
2608.23073
2608.23387
2608.24563
2608.24762
2608.24772
2608.25289
2608.26349
2608.29372
2608.29656
2608.30138
2608.30340
2609.00045
2609.00094
2609.00164
2609.03325
2609.03801
2609.03802
2609.03990
2609.05720
2609.05771
2609.06331
2609.06725
2609.09035
2609.09273
2609.09983
2609.11051
2609.11356
2609.11830
2609.12657
2609.13027
2609.13908
2609.15166
2609.15642
2609.17806
2609.19168
2609.19474
2609.22699
2609.23275
2609.24316
2609.24347
2609.25393
2609.26258
2609.26762
2609.28691
2609.29554
2609.29658
2609.30992
2609.32910
2609.33021
2609.33262
2609.33794
2609.34042
2609.35055
2609.35610
2609.35946
2609.36065
2609.36480
2609.36515
2609.37503
2609.37636
2609.38521
2609.38668
2609.40266
2610.00751
2610.01752
2610.02101
2610.02791
2613.12562
2626.91666
2644.53125
2661.86249
2707.91666
2710.35714
2867.97023
2872.0275
2906.8675
2922.59166
2944.34166
2960.63051
2966.2011
2966.2012
3007.73016
3016.2024
3070.67000
3139.96774
3154.85436
3182.86865
3197.28125
3198.85416
3214.39665
3227.40833
3240.78082
3242.14335
3246.05666
3254.29032
3261.83333
3266.31234
3266.84042
3306.71332
3307.77528
3308.7625
3312.25233
3316.83312
3319.58824
3320.86523
3385.53333
3403.55250
3404.65168
3406.6875
3414.83333
3418.10343
3434.12999
3440.1077
3449.9425
3476.47674
3483.40500
3486.03750
3491.47857
3508.38251
3530.37946
3535.29076
3539.8125
3547.37463
3549.20879
3586.6025
3594.0613
3623.33333
3636.19936
3699.3125
3708.17341
3718.33947
3725.74576
3747.14886
3752.86206
3857.26562
3869.18095
3880.39523
3883.37499
3884.10739
3886.19938
3898.8675
3950.1475
3956.31340
3977.22139
3977.22140
3988.79166
3996.38333
4026.05747
4035.80039
4069.6875
4092.5625
4106.41190
4114.53333
4128.53994
4131.56291
4133.26666
4145.38926
4225.43373
4236.35555
4239.24842
4249.47634
4308.79268
4337.76855
4338.70837
4347.15043
4374.23728
4376.13744
4384.45473
4397.97752
4422.23444
4439.24107
4440.42592
4474.69000
4502.26186
4544.84250
4553.11111
4615.38461
4650.16666
4726.08381
4731.10447
4745.14915
4754.53125
4772.32733
4827.70833
4834.25849
4862.15073
4875.20212
4877.57967
4900.00858
4903.45352
4908.10001
4936.33333
4939.45833
4954.24793
4974.82621
4982.97301
5002.34650
5014.39772
5026.86000
5030.66363
5050.52065
5087.23178
5120.9025
5122.15833
5166.97471
5169.98666
5242.1633
5260.05448
5285.10053
5305.33533
5305.33539
5332.02103
5388.17187
5390.33435
5402.71424
5439.17613
5452.80487
5454.54545
5473.31157
5506.24659
5553.63543
5563.64583
5570.43269
5576.9897
5604.99838
5646.2008
5651.39361
5669.19999
5710.70593
5835.19999
5838.93250
5884.14422
5885.44819
5918.30640
5950.65953
5989.02369
6000.36696
6000.36697
6000.36726
6011.17346
6014.37762
6066.54166
6100.90625
6105.29382
6116.92526
6139.71428
6150.99133
6151.3438
6193.0575
6260.25833
6278.86666
6341.53125
6353.57608
6383.15384
6390.70798
6414.15364
6418.22500
6418.41860
6433.87502
6445.73809
6446.35355
6446.35361
6458.1992
6458.1996
6458.1998
6458.2007
6458.2019
6539.27465
6539.27466
6542.31654
6550.5075
6551.17332
6576.1984
6587.69736
6621.69264
6689.18067
6696.8125
6702.15767
6720.10500
6751.1475
6763.1875
6771.06058
6775.42954
6784.59375
6813.04597
6814.10868
6818.27312
6835.37142
6869.23688
6895.58933
6931.49722
7036.15970
7039.64166
7060.43956
7066.35970
7120.71428
7147.19767
7162.76666
7164.61290
7164.88764
7186.82843
7257.5625
7309.21715
7318.90833
7368.29213
7412.66125
7482.25796
7516.53926
7518.28975
7543.08529
7584.59593
7604.30876
7655.85600
7726.64814
7734.66666
7771.86666
7814.23786
7823.37181
7823.37182
7834.21875
7864.2024
7872.2024
7885.40537
7900.96807
7917.26666
7931.8125
7951.2005
7990.2023
8022.85393
8034.79826
8173.61176
8181.92775
8190.43000
8250.83825
8253.79687
8263.83333
8288.61428
8317.1961
8342.1989
8342.2000
8390.19258
8395.28445
8419.40963
8465.88764
8527.35854
8533.25859
8542.43420
8555.41666
8556.57812
8571.42857
8580.37858
8592.30647
8600.2024
8606.35606
8608.24886
8608.24887
8609.53125
8628.26086
8643.2020
8658.49382
8710.61538
8711.1999
8711.2001
8726.25874
8726.25877
8731.10087
8751.33333
8774.25531
8784.59022
8792.64443
8846.52083
8867.60298
8887.61216
8917.66666
8920.6075
8976.32090
8996.76666
8997.80681
9010.00200
9168.89166
9184.35631
9221.00568
9221.05876
9227.8125
9251.4025
9340.35934
9369.0525
9369.10893
9394.30833
9461.35948
9488.10394
9503.65909
9506.28333
9506.97777
9538.06666
9539.83333
9574.1976
9673.77272
9702.49425
9728.2021
9762.30686
9771.81018
9778.27777
9890.1984
9890.2018
9950.26666
9960.63095
9979.35152