====================================================================================
S3 -- intrinsic cost of producing FB-smooth residues from a cyclic group
====================================================================================
  cost per successful factor (stride sampler, 1 mult/candidate)
      = (b + c) / density(2^bits, BB(b)),   BB(b) = b-th prime
  [the c=1 bounded-stripper variant of U_stange_improve.md 7.1]

  n ~ 2^26  (c = 1)
        b    BB   exponentiations/rel  MULTS/factor (stride)     MULTS/factor (pow)
        4     7                17,544                 87,720              4,561,459
        5    11                 7,851                 47,103              2,449,356
        6    13                 4,048                 28,339              1,473,628
        7    17                 2,386                 19,090                992,702
        8    19                 1,514                 13,623                708,380
        9    23                 1,034                 10,343                537,830
       10    29                   755                  8,310                432,101
       11    31                   570                  6,836                355,490
       12    37                   448                  5,820                302,656
       13    41                   361                  5,058                262,991
       14    43                   297                  4,448                231,310
       15    47                   248                  3,971                206,475
       16    53                   212                  3,601                187,226
       17    59                   184                  3,306                171,935
       18    61                   161                  3,054                158,787
       19    67                   142                  2,847                148,037
       20    71                   127                  2,670                138,854
       21    73                   114                  2,514                130,713
       22    79                   104                  2,382                123,842
       23    83                    94                  2,266                117,819
       24    89                    87                  2,166                112,638
       25    97                    80                  2,082                108,254
       26   101                    74                  2,006                104,318
       27   103                    69                  1,936                100,681
       28   107                    65                  1,873                 97,393
       29   109                    60                  1,814                 94,336
       30   113                    57                  1,761                 91,556
       31   127                    54                  1,717                 89,296
       32   131                    51                  1,677                 87,214
       33   137                    48                  1,641                 85,334
       34   139                    46                  1,607                 83,552
       35   149                    44                  1,577                 82,005
       36   151                    42                  1,549                 80,531
       37   157                    40                  1,523                 79,185
       38   163                    38                  1,499                 77,952
       39   167                    37                  1,477                 76,796
       40   173                    36                  1,456                 75,733
       41   179                    34                  1,438                 74,753
       42   181                    33                  1,419                 73,809
       43   191                    32                  1,403                 72,974
       44   193                    31                  1,388                 72,165
       45   197                    30                  1,373                 71,400
       46   199                    29                  1,359                 70,658
       47   211                    28                  1,346                 70,013
       48   223                    27                  1,336                 69,451
       49   227                    27                  1,325                 68,915
       50   229                    26                  1,315                 68,392
       51   233                    25                  1,306                 67,892
       52   239                    24                  1,297                 67,425
       53   241                    24                  1,288                 66,969
       54   251                    23                  1,280                 66,561
       55   257                    23                  1,273                 66,178
       56   263                    22                  1,266                 65,820
       57   269                    22                  1,259                 65,484
       58   271                    21                  1,253                 65,154
       59   277                    21                  1,247                 64,845
       60   281                    20                  1,241                 64,547
       61   283                    20                  1,236                 64,254
       62   293                    20                  1,231                 63,992
       63   307                    19                  1,226                 63,770
       64   311                    19                  1,222                 63,556
       65   313                    18                  1,218                 63,344
       66   317                    18                  1,214                 63,140
       67   331                    18                  1,211                 62,969
       68   337                    18                  1,208                 62,808
       69   347                    17                  1,205                 62,667
       70   349                    17                  1,202                 62,527
       71   353                    17                  1,200                 62,391
       72   359                    16                  1,197                 62,265
       73   367                    16                  1,195                 62,150
       74   373                    16                  1,193                 62,044
       75   379                    16                  1,191                 61,944
       76   383                    15                  1,189                 61,848
       77   389                    15                  1,188                 61,759
       78   397                    15                  1,186                 61,680
       79   401                    15                  1,185                 61,604
       80   409                    15                  1,183                 61,537
       81   419                    14                  1,182                 61,482
       82   421                    14                  1,181                 61,426
       83   431                    14                  1,180                 61,381
       84   433                    14                  1,180                 61,335
       85   439                    14                  1,179                 61,294
       86   443                    14                  1,178                 61,255
       87   449                    13                  1,177                 61,220
       88   457                    13                  1,177                 61,193
       89   461                    13                  1,176                 61,167
       90   463                    13                  1,176                 61,140
       91   467                    13                  1,175                 61,115
       92   479                    13                  1,175                 61,100
       93   487                    12                  1,175                 61,091
       94   491                    12                  1,175                 61,084
       95   499                    12                  1,175                 61,082
       96   503                    12                  1,175                 61,080 <== best
       97   509                    12                  1,175                 61,082
       98   521                    12                  1,175                 61,093
       99   523                    12                  1,175                 61,102
      100   541                    12                  1,175                 61,125
      101   547                    12                  1,176                 61,149
      102   557                    11                  1,177                 61,180
      103   563                    11                  1,177                 61,212
      104   569                    11                  1,178                 61,247
      105   571                    11                  1,178                 61,280
      106   577                    11                  1,179                 61,315
      107   587                    11                  1,180                 61,355
      108   593                    11                  1,181                 61,396
      109   599                    11                  1,182                 61,440
      110   601                    11                  1,182                 61,482

  n ~ 2^30  (c = 1)
        b    BB   exponentiations/rel  MULTS/factor (stride)     MULTS/factor (pow)
        4     7               128,788                643,942             38,636,509
        5    11                52,885                317,312             19,038,722
        6    13                25,236                176,652             10,599,099
        7    17                13,895                111,160              6,669,606
        8    19                 8,288                 74,594              4,475,612
        9    23                 5,362                 53,616              3,216,932
       10    29                 3,731                 41,039              2,462,366
       11    31                 2,691                 32,298              1,937,866
       12    37                 2,033                 26,424              1,585,460
       13    41                 1,582                 22,143              1,328,554
       14    43                 1,255                 18,829              1,129,756
       15    47                 1,018                 16,293                977,582
       16    53                   845                 14,360                861,584
       17    59                   714                 12,846                770,771
       18    61                   609                 11,574                694,465
       19    67                   527                 10,547                632,794
       20    71                   461                  9,682                580,924
       21    73                   406                  8,930                535,828
       22    79                   361                  8,301                498,085
       23    83                   323                  7,757                465,419
       24    89                   292                  7,292                437,516
       25    97                   265                  6,899                413,917
       26   101                   243                  6,549                392,938
       27   103                   223                  6,230                373,825
       28   107                   205                  5,945                356,688
       29   109                   189                  5,683                340,957
       30   113                   176                  5,446                326,747
       31   127                   164                  5,249                314,958
       32   131                   154                  5,069                304,155
       33   137                   144                  4,907                294,394
       34   139                   136                  4,754                285,235
       35   149                   128                  4,620                277,179
       36   151                   121                  4,493                269,571
       37   157                   115                  4,377                262,605
       38   163                   109                  4,270                256,206
       39   167                   104                  4,170                250,217
       40   173                    99                  4,078                244,690
       41   179                    95                  3,993                239,575
       42   181                    91                  3,911                234,685
       43   191                    87                  3,838                230,279
       44   193                    84                  3,768                226,050
       45   197                    80                  3,701                222,049
       46   199                    77                  3,637                218,203
       47   211                    75                  3,579                214,764
       48   223                    72                  3,528                211,676
       49   227                    70                  3,479                208,732
       50   229                    67                  3,431                205,882
       51   233                    65                  3,386                203,161
       52   239                    63                  3,343                200,597
       53   241                    61                  3,302                198,109
       54   251                    59                  3,264                195,825
       55   257                    58                  3,228                193,665
       56   263                    56                  3,194                191,620
       57   269                    55                  3,161                189,683
       58   271                    53                  3,130                187,793
       59   277                    52                  3,100                186,001
       60   281                    50                  3,071                184,274
       61   283                    49                  3,043                182,588
       62   293                    48                  3,017                181,028
       63   307                    47                  2,994                179,622
       64   311                    46                  2,971                178,262
       65   313                    45                  2,949                176,929
       66   317                    44                  2,927                175,640
       67   331                    43                  2,908                174,475
       68   337                    42                  2,889                173,360
       69   347                    41                  2,872                172,324
       70   349                    40                  2,855                171,303
       71   353                    39                  2,839                170,312
       72   359                    39                  2,823                169,363
       73   367                    38                  2,808                168,466
       74   373                    37                  2,793                167,606
       75   379                    37                  2,780                166,780
       76   383                    36                  2,766                165,977
       77   389                    35                  2,753                165,206
       78   397                    35                  2,741                164,475
       79   401                    34                  2,729                163,763
       80   409                    34                  2,718                163,089
       81   419                    33                  2,708                162,459
       82   421                    32                  2,697                161,835
       83   431                    32                  2,688                161,252
       84   433                    32                  2,678                160,674
       85   439                    31                  2,669                160,118
       86   443                    31                  2,660                159,575
       87   449                    30                  2,651                159,052
       88   457                    30                  2,643                158,556
       89   461                    29                  2,635                158,070
       90   463                    29                  2,626                157,589
       91   467                    28                  2,619                157,118
       92   479                    28                  2,611                156,683
       93   487                    28                  2,605                156,271
       94   491                    27                  2,598                155,868
       95   499                    27                  2,591                155,485
       96   503                    27                  2,585                155,110
       97   509                    26                  2,579                154,748
       98   521                    26                  2,574                154,416
       99   523                    26                  2,568                154,084
      100   541                    25                  2,563                153,795
      101   547                    25                  2,559                153,517
      102   557                    25                  2,554                153,258
      103   563                    25                  2,550                153,009
      104   569                    24                  2,546                152,768
      105   571                    24                  2,542                152,528
      106   577                    24                  2,538                152,296
      107   587                    23                  2,535                152,081
      108   593                    23                  2,531                151,874
      109   599                    23                  2,528                151,674
      110   601                    23                  2,525                151,474 <== best

  n ~ 2^34  (c = 1)
        b    BB   exponentiations/rel  MULTS/factor (stride)     MULTS/factor (pow)
        4     7             1,158,561              5,792,805            393,910,763
        5    11               436,668              2,620,008            178,160,526
        6    13               192,893              1,350,254             91,817,295
        7    17                99,147                793,179             53,936,168
        8    19                55,552                499,972             33,998,094
        9    23                33,970                339,702             23,099,724
       10    29                22,481                247,295             16,816,060
       11    31                15,486                185,833             12,636,618
       12    37                11,218                145,834              9,916,720
       13    41                 8,401                117,616              7,997,872
       14    43                 6,434                 96,512              6,562,802
       15    47                 5,050                 80,803              5,494,580
       16    53                 4,064                 69,088              4,697,991
       17    59                 3,339                 60,100              4,086,784
       18    61                 2,776                 52,739              3,586,233
       19    67                 2,345                 46,891              3,188,593
       20    71                 2,003                 42,066              2,860,500
       21    73                 1,725                 37,959              2,581,239
       22    79                 1,503                 34,568              2,350,646
       23    83                 1,320                 31,679              2,154,172
       24    89                 1,170                 29,239              1,988,252
       25    97                 1,046                 27,190              1,848,948
       26   101                   940                 25,392              1,726,688
       27   103                   849                 23,779              1,617,004
       28   107                   771                 22,350              1,519,786
       29   109                   702                 21,056              1,431,805
       30   113                   642                 19,899              1,353,151
       31   127                   592                 18,934              1,287,528
       32   131                   547                 18,058              1,227,971
       33   137                   508                 17,272              1,174,477
       34   139                   473                 16,542              1,124,873
       35   149                   442                 15,900              1,081,198
       36   151                   414                 15,300              1,040,410
       37   157                   388                 14,753              1,003,235
       38   163                   365                 14,253                969,231
       39   167                   345                 13,789                937,636
       40   173                   326                 13,361                908,577
       41   179                   309                 12,967                881,772
       42   181                   293                 12,594                856,378
       43   191                   279                 12,256                833,410
       44   193                   265                 11,935                811,559
       45   197                   253                 11,632                790,991
       46   199                   241                 11,344                771,379
       47   211                   231                 11,084                753,690
       48   223                   221                 10,848                737,666
       49   227                   212                 10,624                722,449
       50   229                   204                 10,409                707,825
       51   233                   196                 10,205                693,913
       52   239                   189                 10,012                680,804
       53   241                   182                  9,826                668,170
       54   251                   176                  9,654                656,486
       55   257                   169                  9,492                645,428
       56   263                   164                  9,338                634,950
       57   269                   158                  9,191                625,009
       58   271                   153                  9,050                615,374
       59   277                   149                  8,915                606,219
       60   281                   144                  8,786                597,422
       61   283                   140                  8,660                588,881
       62   293                   136                  8,543                580,902
       63   307                   132                  8,435                573,578
       64   311                   128                  8,331                566,509
       65   313                   125                  8,230                559,618
       66   317                   121                  8,132                552,962
       67   331                   118                  8,042                546,824
       68   337                   115                  7,955                540,937
       69   347                   112                  7,873                535,392
       70   349                   110                  7,794                529,964
       71   353                   107                  7,716                524,701
       72   359                   105                  7,642                519,641
       73   367                   102                  7,571                514,818
       74   373                   100                  7,503                510,174
       75   379                    98                  7,437                505,700